"Lat","Lon"
-24.25,113.5
-25.75,113.5
-22.25,114.5
-22.75,114.5
-23.25,114.5
-23.75,114.5
-24.25,114.5
-24.75,114.5
-25.25,114.5
-25.75,114.5
-26.25,114.5
-26.75,114.5
-27.25,114.5
-27.75,114.5
-28.25,114.5
-21.75,115.5
-22.25,115.5
-22.75,115.5
-23.25,115.5
-23.75,115.5
-24.25,115.5
-24.75,115.5
-25.25,115.5
-25.75,115.5
-26.25,115.5
-26.75,115.5
-27.25,115.5
-27.75,115.5
-28.25,115.5
-28.75,115.5
-29.25,115.5
-29.75,115.5
-30.25,115.5
-30.75,115.5
-31.25,115.5
-33.75,115.5
-34.25,115.5
-21.25,116.5
-21.75,116.5
-22.25,116.5
-22.75,116.5
-23.25,116.5
-23.75,116.5
-24.25,116.5
-24.75,116.5
-25.25,116.5
-25.75,116.5
-26.25,116.5
-26.75,116.5
-27.25,116.5
-27.75,116.5
-28.25,116.5
-28.75,116.5
-29.25,116.5
-29.75,116.5
-30.25,116.5
-30.75,116.5
-31.25,116.5
-31.75,116.5
-32.25,116.5
-32.75,116.5
-33.25,116.5
-33.75,116.5
-34.25,116.5
-34.75,116.5
-20.75,117.5
-21.25,117.5
-21.75,117.5
-22.25,117.5
-22.75,117.5
-23.25,117.5
-23.75,117.5
-24.25,117.5
-24.75,117.5
-25.25,117.5
-25.75,117.5
-26.25,117.5
-26.75,117.5
-27.25,117.5
-27.75,117.5
-28.25,117.5
-28.75,117.5
-29.25,117.5
-29.75,117.5
-30.25,117.5
-30.75,117.5
-31.25,117.5
-31.75,117.5
-32.25,117.5
-32.75,117.5
-33.25,117.5
-33.75,117.5
-34.25,117.5
-34.75,117.5
-20.75,118.5
-21.25,118.5
-21.75,118.5
-22.25,118.5
-22.75,118.5
-23.25,118.5
-23.75,118.5
-24.25,118.5
-24.75,118.5
-25.25,118.5
-25.75,118.5
-26.25,118.5
-26.75,118.5
-27.25,118.5
-27.75,118.5
-28.25,118.5
-28.75,118.5
-29.25,118.5
-29.75,118.5
-30.25,118.5
-30.75,118.5
-31.25,118.5
-31.75,118.5
-32.25,118.5
-32.75,118.5
-33.25,118.5
-33.75,118.5
-34.25,118.5
-20.25,119.5
-20.75,119.5
-21.25,119.5
-21.75,119.5
-22.25,119.5
-22.75,119.5
-23.25,119.5
-23.75,119.5
-24.25,119.5
-24.75,119.5
-25.25,119.5
-25.75,119.5
-26.25,119.5
-26.75,119.5
-27.25,119.5
-27.75,119.5
-28.25,119.5
-28.75,119.5
-29.25,119.5
-29.75,119.5
-30.25,119.5
-30.75,119.5
-31.25,119.5
-31.75,119.5
-32.25,119.5
-32.75,119.5
-33.25,119.5
-33.75,119.5
-20.25,120.5
-20.75,120.5
-21.25,120.5
-21.75,120.5
-22.25,120.5
-22.75,120.5
-23.25,120.5
-23.75,120.5
-24.25,120.5
-24.75,120.5
-25.25,120.5
-25.75,120.5
-26.25,120.5
-26.75,120.5
-27.25,120.5
-27.75,120.5
-28.25,120.5
-28.75,120.5
-29.25,120.5
-29.75,120.5
-30.25,120.5
-30.75,120.5
-31.25,120.5
-31.75,120.5
-32.25,120.5
-32.75,120.5
-33.25,120.5
-33.75,120.5
-19.25,121.5
-19.75,121.5
-20.25,121.5
-20.75,121.5
-21.25,121.5
-21.75,121.5
-22.25,121.5
-22.75,121.5
-23.25,121.5
-23.75,121.5
-24.25,121.5
-24.75,121.5
-25.25,121.5
-25.75,121.5
-26.25,121.5
-26.75,121.5
-27.25,121.5
-27.75,121.5
-28.25,121.5
-28.75,121.5
-29.25,121.5
-29.75,121.5
-30.25,121.5
-30.75,121.5
-31.25,121.5
-31.75,121.5
-32.25,121.5
-32.75,121.5
-33.25,121.5
-33.75,121.5
-17.25,122.5
-17.75,122.5
-18.25,122.5
-18.75,122.5
-19.25,122.5
-19.75,122.5
-20.25,122.5
-20.75,122.5
-21.25,122.5
-21.75,122.5
-22.25,122.5
-22.75,122.5
-23.25,122.5
-23.75,122.5
-24.25,122.5
-24.75,122.5
-25.25,122.5
-25.75,122.5
-26.25,122.5
-26.75,122.5
-27.25,122.5
-27.75,122.5
-28.25,122.5
-28.75,122.5
-29.25,122.5
-29.75,122.5
-30.25,122.5
-30.75,122.5
-31.25,122.5
-31.75,122.5
-32.25,122.5
-32.75,122.5
-33.25,122.5
-33.75,122.5
-17.75,123.5
-18.25,123.5
-18.75,123.5
-19.25,123.5
-19.75,123.5
-20.25,123.5
-20.75,123.5
-21.25,123.5
-21.75,123.5
-22.25,123.5
-22.75,123.5
-23.25,123.5
-23.75,123.5
-24.25,123.5
-24.75,123.5
-25.25,123.5
-25.75,123.5
-26.25,123.5
-26.75,123.5
-27.25,123.5
-27.75,123.5
-28.25,123.5
-28.75,123.5
-29.25,123.5
-29.75,123.5
-30.25,123.5
-30.75,123.5
-31.25,123.5
-31.75,123.5
-32.25,123.5
-32.75,123.5
-33.25,123.5
-33.75,123.5
-15.75,124.5
-16.25,124.5
-16.75,124.5
-17.25,124.5
-17.75,124.5
-18.25,124.5
-18.75,124.5
-19.25,124.5
-19.75,124.5
-20.25,124.5
-20.75,124.5
-21.25,124.5
-21.75,124.5
-22.25,124.5
-22.75,124.5
-23.25,124.5
-23.75,124.5
-24.25,124.5
-24.75,124.5
-25.25,124.5
-25.75,124.5
-26.25,124.5
-26.75,124.5
-27.25,124.5
-27.75,124.5
-28.25,124.5
-28.75,124.5
-29.25,124.5
-29.75,124.5
-30.25,124.5
-30.75,124.5
-31.25,124.5
-31.75,124.5
-32.25,124.5
-32.75,124.5
-14.75,125.5
-15.25,125.5
-15.75,125.5
-16.25,125.5
-16.75,125.5
-17.25,125.5
-17.75,125.5
-18.25,125.5
-18.75,125.5
-19.25,125.5
-19.75,125.5
-20.25,125.5
-20.75,125.5
-21.25,125.5
-21.75,125.5
-22.25,125.5
-22.75,125.5
-23.25,125.5
-23.75,125.5
-24.25,125.5
-24.75,125.5
-25.25,125.5
-25.75,125.5
-26.25,125.5
-26.75,125.5
-27.25,125.5
-27.75,125.5
-28.25,125.5
-28.75,125.5
-29.25,125.5
-29.75,125.5
-30.25,125.5
-30.75,125.5
-31.25,125.5
-31.75,125.5
-32.25,125.5
-14.25,126.5
-14.75,126.5
-15.25,126.5
-15.75,126.5
-16.25,126.5
-16.75,126.5
-17.25,126.5
-17.75,126.5
-18.25,126.5
-18.75,126.5
-19.25,126.5
-19.75,126.5
-20.25,126.5
-20.75,126.5
-21.25,126.5
-21.75,126.5
-22.25,126.5
-22.75,126.5
-23.25,126.5
-23.75,126.5
-24.25,126.5
-24.75,126.5
-25.25,126.5
-25.75,126.5
-26.25,126.5
-26.75,126.5
-27.25,126.5
-27.75,126.5
-28.25,126.5
-28.75,126.5
-29.25,126.5
-29.75,126.5
-30.25,126.5
-30.75,126.5
-31.25,126.5
-31.75,126.5
-32.25,126.5
-14.25,127.5
-14.75,127.5
-15.25,127.5
-15.75,127.5
-16.25,127.5
-16.75,127.5
-17.25,127.5
-17.75,127.5
-18.25,127.5
-18.75,127.5
-19.25,127.5
-19.75,127.5
-20.25,127.5
-20.75,127.5
-21.25,127.5
-21.75,127.5
-22.25,127.5
-22.75,127.5
-23.25,127.5
-23.75,127.5
-24.25,127.5
-24.75,127.5
-25.25,127.5
-25.75,127.5
-26.25,127.5
-26.75,127.5
-27.25,127.5
-27.75,127.5
-28.25,127.5
-28.75,127.5
-29.25,127.5
-29.75,127.5
-30.25,127.5
-30.75,127.5
-31.25,127.5
-31.75,127.5
-15.25,128.5
-15.75,128.5
-16.25,128.5
-16.75,128.5
-17.25,128.5
-17.75,128.5
-18.25,128.5
-18.75,128.5
-19.25,128.5
-19.75,128.5
-20.25,128.5
-20.75,128.5
-21.25,128.5
-21.75,128.5
-22.25,128.5
-22.75,128.5
-23.25,128.5
-23.75,128.5
-24.25,128.5
-24.75,128.5
-25.25,128.5
-25.75,128.5
-26.25,128.5
-26.75,128.5
-27.25,128.5
-27.75,128.5
-28.25,128.5
-28.75,128.5
-29.25,128.5
-29.75,128.5
-30.25,128.5
-30.75,128.5
-31.25,128.5
-31.75,128.5
-14.25,129.5
-15.25,129.5
-15.75,129.5
-16.25,129.5
-16.75,129.5
-17.25,129.5
-17.75,129.5
-18.25,129.5
-18.75,129.5
-19.25,129.5
-19.75,129.5
-20.25,129.5
-20.75,129.5
-21.25,129.5
-21.75,129.5
-22.25,129.5
-22.75,129.5
-23.25,129.5
-23.75,129.5
-24.25,129.5
-24.75,129.5
-25.25,129.5
-25.75,129.5
-26.25,129.5
-26.75,129.5
-27.25,129.5
-27.75,129.5
-28.25,129.5
-28.75,129.5
-29.25,129.5
-29.75,129.5
-30.25,129.5
-30.75,129.5
-31.25,129.5
-11.75,130.5
-12.75,130.5
-13.25,130.5
-13.75,130.5
-14.25,130.5
-14.75,130.5
-15.25,130.5
-15.75,130.5
-16.25,130.5
-16.75,130.5
-17.25,130.5
-17.75,130.5
-18.25,130.5
-18.75,130.5
-19.25,130.5
-19.75,130.5
-20.25,130.5
-20.75,130.5
-21.25,130.5
-21.75,130.5
-22.25,130.5
-22.75,130.5
-23.25,130.5
-23.75,130.5
-24.25,130.5
-24.75,130.5
-25.25,130.5
-25.75,130.5
-26.25,130.5
-26.75,130.5
-27.25,130.5
-27.75,130.5
-28.25,130.5
-28.75,130.5
-29.25,130.5
-29.75,130.5
-30.25,130.5
-30.75,130.5
-31.25,130.5
-12.75,131.5
-13.25,131.5
-13.75,131.5
-14.25,131.5
-14.75,131.5
-15.25,131.5
-15.75,131.5
-16.25,131.5
-16.75,131.5
-17.25,131.5
-17.75,131.5
-18.25,131.5
-18.75,131.5
-19.25,131.5
-19.75,131.5
-20.25,131.5
-20.75,131.5
-21.25,131.5
-21.75,131.5
-22.25,131.5
-22.75,131.5
-23.25,131.5
-23.75,131.5
-24.25,131.5
-24.75,131.5
-25.25,131.5
-25.75,131.5
-26.25,131.5
-26.75,131.5
-27.25,131.5
-27.75,131.5
-28.25,131.5
-28.75,131.5
-29.25,131.5
-29.75,131.5
-30.25,131.5
-30.75,131.5
-31.25,131.5
-12.25,132.5
-12.75,132.5
-13.25,132.5
-13.75,132.5
-14.25,132.5
-14.75,132.5
-15.25,132.5
-15.75,132.5
-16.25,132.5
-16.75,132.5
-17.25,132.5
-17.75,132.5
-18.25,132.5
-18.75,132.5
-19.25,132.5
-19.75,132.5
-20.25,132.5
-20.75,132.5
-21.25,132.5
-21.75,132.5
-22.25,132.5
-22.75,132.5
-23.25,132.5
-23.75,132.5
-24.25,132.5
-24.75,132.5
-25.25,132.5
-25.75,132.5
-26.25,132.5
-26.75,132.5
-27.25,132.5
-27.75,132.5
-28.25,132.5
-28.75,132.5
-29.25,132.5
-29.75,132.5
-30.25,132.5
-30.75,132.5
-31.25,132.5
-31.75,132.5
-12.25,133.5
-12.75,133.5
-13.25,133.5
-13.75,133.5
-14.25,133.5
-14.75,133.5
-15.25,133.5
-15.75,133.5
-16.25,133.5
-16.75,133.5
-17.25,133.5
-17.75,133.5
-18.25,133.5
-18.75,133.5
-19.25,133.5
-19.75,133.5
-20.25,133.5
-20.75,133.5
-21.25,133.5
-21.75,133.5
-22.25,133.5
-22.75,133.5
-23.25,133.5
-23.75,133.5
-24.25,133.5
-24.75,133.5
-25.25,133.5
-25.75,133.5
-26.25,133.5
-26.75,133.5
-27.25,133.5
-27.75,133.5
-28.25,133.5
-28.75,133.5
-29.25,133.5
-29.75,133.5
-30.25,133.5
-30.75,133.5
-31.25,133.5
-31.75,133.5
-12.25,134.5
-12.75,134.5
-13.25,134.5
-13.75,134.5
-14.25,134.5
-14.75,134.5
-15.25,134.5
-15.75,134.5
-16.25,134.5
-16.75,134.5
-17.25,134.5
-17.75,134.5
-18.25,134.5
-18.75,134.5
-19.25,134.5
-19.75,134.5
-20.25,134.5
-20.75,134.5
-21.25,134.5
-21.75,134.5
-22.25,134.5
-22.75,134.5
-23.25,134.5
-23.75,134.5
-24.25,134.5
-24.75,134.5
-25.25,134.5
-25.75,134.5
-26.25,134.5
-26.75,134.5
-27.25,134.5
-27.75,134.5
-28.25,134.5
-28.75,134.5
-29.25,134.5
-29.75,134.5
-30.25,134.5
-30.75,134.5
-31.25,134.5
-31.75,134.5
-32.25,134.5
-32.75,134.5
-33.75,134.5
-12.25,135.5
-12.75,135.5
-13.25,135.5
-13.75,135.5
-14.25,135.5
-15.25,135.5
-15.75,135.5
-16.25,135.5
-16.75,135.5
-17.25,135.5
-17.75,135.5
-18.25,135.5
-18.75,135.5
-19.25,135.5
-19.75,135.5
-20.25,135.5
-20.75,135.5
-21.25,135.5
-21.75,135.5
-22.25,135.5
-22.75,135.5
-23.25,135.5
-23.75,135.5
-24.25,135.5
-24.75,135.5
-25.25,135.5
-25.75,135.5
-26.25,135.5
-26.75,135.5
-27.25,135.5
-27.75,135.5
-28.25,135.5
-28.75,135.5
-29.25,135.5
-29.75,135.5
-30.25,135.5
-30.75,135.5
-31.25,135.5
-31.75,135.5
-32.25,135.5
-32.75,135.5
-33.25,135.5
-33.75,135.5
-34.25,135.5
-34.75,135.5
-12.25,136.5
-12.75,136.5
-15.75,136.5
-16.25,136.5
-16.75,136.5
-17.25,136.5
-17.75,136.5
-18.25,136.5
-18.75,136.5
-19.25,136.5
-19.75,136.5
-20.25,136.5
-20.75,136.5
-21.25,136.5
-21.75,136.5
-22.25,136.5
-22.75,136.5
-23.25,136.5
-23.75,136.5
-24.25,136.5
-24.75,136.5
-25.25,136.5
-25.75,136.5
-26.25,136.5
-26.75,136.5
-27.25,136.5
-27.75,136.5
-28.25,136.5
-28.75,136.5
-29.25,136.5
-29.75,136.5
-30.25,136.5
-30.75,136.5
-31.25,136.5
-31.75,136.5
-32.25,136.5
-32.75,136.5
-33.25,136.5
-33.75,136.5
-16.25,137.5
-16.75,137.5
-17.25,137.5
-17.75,137.5
-18.25,137.5
-18.75,137.5
-19.25,137.5
-19.75,137.5
-20.25,137.5
-20.75,137.5
-21.25,137.5
-21.75,137.5
-22.25,137.5
-22.75,137.5
-23.25,137.5
-23.75,137.5
-24.25,137.5
-24.75,137.5
-25.25,137.5
-25.75,137.5
-26.25,137.5
-26.75,137.5
-27.25,137.5
-27.75,137.5
-28.25,137.5
-28.75,137.5
-29.25,137.5
-29.75,137.5
-30.25,137.5
-30.75,137.5
-31.25,137.5
-31.75,137.5
-32.25,137.5
-32.75,137.5
-34.25,137.5
-34.75,137.5
-35.75,137.5
-17.25,138.5
-17.75,138.5
-18.25,138.5
-18.75,138.5
-19.25,138.5
-19.75,138.5
-20.25,138.5
-20.75,138.5
-21.25,138.5
-21.75,138.5
-22.25,138.5
-22.75,138.5
-23.25,138.5
-23.75,138.5
-24.25,138.5
-24.75,138.5
-25.25,138.5
-25.75,138.5
-26.25,138.5
-26.75,138.5
-27.25,138.5
-27.75,138.5
-28.25,138.5
-28.75,138.5
-29.25,138.5
-29.75,138.5
-30.25,138.5
-30.75,138.5
-31.25,138.5
-31.75,138.5
-32.25,138.5
-32.75,138.5
-33.25,138.5
-33.75,138.5
-34.25,138.5
-35.25,138.5
-17.75,139.5
-18.25,139.5
-18.75,139.5
-19.25,139.5
-19.75,139.5
-20.25,139.5
-20.75,139.5
-21.25,139.5
-21.75,139.5
-22.25,139.5
-22.75,139.5
-23.25,139.5
-23.75,139.5
-24.25,139.5
-24.75,139.5
-25.25,139.5
-25.75,139.5
-26.25,139.5
-26.75,139.5
-27.25,139.5
-27.75,139.5
-28.25,139.5
-28.75,139.5
-29.25,139.5
-29.75,139.5
-30.25,139.5
-30.75,139.5
-31.25,139.5
-31.75,139.5
-32.25,139.5
-32.75,139.5
-33.25,139.5
-33.75,139.5
-34.25,139.5
-34.75,139.5
-35.25,139.5
-35.75,139.5
-17.75,140.5
-18.25,140.5
-18.75,140.5
-19.25,140.5
-19.75,140.5
-20.25,140.5
-20.75,140.5
-21.25,140.5
-21.75,140.5
-22.25,140.5
-22.75,140.5
-23.25,140.5
-23.75,140.5
-24.25,140.5
-24.75,140.5
-25.25,140.5
-25.75,140.5
-26.25,140.5
-26.75,140.5
-27.25,140.5
-27.75,140.5
-28.25,140.5
-28.75,140.5
-29.25,140.5
-29.75,140.5
-30.25,140.5
-30.75,140.5
-31.25,140.5
-31.75,140.5
-32.25,140.5
-32.75,140.5
-33.25,140.5
-33.75,140.5
-34.25,140.5
-34.75,140.5
-35.25,140.5
-35.75,140.5
-36.25,140.5
-36.75,140.5
-37.25,140.5
-37.75,140.5
-13.75,141.5
-15.75,141.5
-16.25,141.5
-16.75,141.5
-17.25,141.5
-17.75,141.5
-18.25,141.5
-18.75,141.5
-19.25,141.5
-19.75,141.5
-20.25,141.5
-20.75,141.5
-21.25,141.5
-21.75,141.5
-22.25,141.5
-22.75,141.5
-23.25,141.5
-23.75,141.5
-24.25,141.5
-24.75,141.5
-25.25,141.5
-25.75,141.5
-26.25,141.5
-26.75,141.5
-27.25,141.5
-27.75,141.5
-28.25,141.5
-28.75,141.5
-29.25,141.5
-29.75,141.5
-30.25,141.5
-30.75,141.5
-31.25,141.5
-31.75,141.5
-32.25,141.5
-32.75,141.5
-33.25,141.5
-33.75,141.5
-34.25,141.5
-34.75,141.5
-35.25,141.5
-35.75,141.5
-36.25,141.5
-36.75,141.5
-37.25,141.5
-37.75,141.5
-38.25,141.5
-10.75,142.5
-11.25,142.5
-11.75,142.5
-12.25,142.5
-12.75,142.5
-13.25,142.5
-13.75,142.5
-14.25,142.5
-14.75,142.5
-15.25,142.5
-15.75,142.5
-16.25,142.5
-16.75,142.5
-17.25,142.5
-17.75,142.5
-18.25,142.5
-18.75,142.5
-19.25,142.5
-19.75,142.5
-20.25,142.5
-20.75,142.5
-21.25,142.5
-21.75,142.5
-22.25,142.5
-22.75,142.5
-23.25,142.5
-23.75,142.5
-24.25,142.5
-24.75,142.5
-25.25,142.5
-25.75,142.5
-26.25,142.5
-26.75,142.5
-27.25,142.5
-27.75,142.5
-28.25,142.5
-28.75,142.5
-29.25,142.5
-29.75,142.5
-30.25,142.5
-30.75,142.5
-31.25,142.5
-31.75,142.5
-32.25,142.5
-32.75,142.5
-33.25,142.5
-33.75,142.5
-34.25,142.5
-34.75,142.5
-35.25,142.5
-35.75,142.5
-36.25,142.5
-36.75,142.5
-37.25,142.5
-37.75,142.5
-38.25,142.5
-13.25,143.5
-13.75,143.5
-14.25,143.5
-14.75,143.5
-15.25,143.5
-15.75,143.5
-16.25,143.5
-16.75,143.5
-17.25,143.5
-17.75,143.5
-18.25,143.5
-18.75,143.5
-19.25,143.5
-19.75,143.5
-20.25,143.5
-20.75,143.5
-21.25,143.5
-21.75,143.5
-22.25,143.5
-22.75,143.5
-23.25,143.5
-23.75,143.5
-24.25,143.5
-24.75,143.5
-25.25,143.5
-25.75,143.5
-26.25,143.5
-26.75,143.5
-27.25,143.5
-27.75,143.5
-28.25,143.5
-28.75,143.5
-29.25,143.5
-29.75,143.5
-30.25,143.5
-30.75,143.5
-31.25,143.5
-31.75,143.5
-32.25,143.5
-32.75,143.5
-33.25,143.5
-33.75,143.5
-34.25,143.5
-34.75,143.5
-35.25,143.5
-35.75,143.5
-36.25,143.5
-36.75,143.5
-37.25,143.5
-37.75,143.5
-38.25,143.5
-38.75,143.5
-14.25,144.5
-14.75,144.5
-15.25,144.5
-15.75,144.5
-16.25,144.5
-16.75,144.5
-17.25,144.5
-17.75,144.5
-18.25,144.5
-18.75,144.5
-19.25,144.5
-19.75,144.5
-20.25,144.5
-20.75,144.5
-21.25,144.5
-21.75,144.5
-22.25,144.5
-22.75,144.5
-23.25,144.5
-23.75,144.5
-24.25,144.5
-24.75,144.5
-25.25,144.5
-25.75,144.5
-26.25,144.5
-26.75,144.5
-27.25,144.5
-27.75,144.5
-28.25,144.5
-28.75,144.5
-29.25,144.5
-29.75,144.5
-30.25,144.5
-30.75,144.5
-31.25,144.5
-31.75,144.5
-32.25,144.5
-32.75,144.5
-33.25,144.5
-33.75,144.5
-34.25,144.5
-34.75,144.5
-35.25,144.5
-35.75,144.5
-36.25,144.5
-36.75,144.5
-37.25,144.5
-37.75,144.5
-38.25,144.5
-16.75,145.5
-17.25,145.5
-17.75,145.5
-18.25,145.5
-18.75,145.5
-19.25,145.5
-19.75,145.5
-20.25,145.5
-20.75,145.5
-21.25,145.5
-21.75,145.5
-22.25,145.5
-22.75,145.5
-23.25,145.5
-23.75,145.5
-24.25,145.5
-24.75,145.5
-25.25,145.5
-25.75,145.5
-26.25,145.5
-26.75,145.5
-27.25,145.5
-27.75,145.5
-28.25,145.5
-28.75,145.5
-29.25,145.5
-29.75,145.5
-30.25,145.5
-30.75,145.5
-31.25,145.5
-31.75,145.5
-32.25,145.5
-32.75,145.5
-33.25,145.5
-33.75,145.5
-34.25,145.5
-34.75,145.5
-35.25,145.5
-35.75,145.5
-36.25,145.5
-36.75,145.5
-37.25,145.5
-37.75,145.5
-38.25,145.5
-41.25,145.5
-41.75,145.5
-42.25,145.5
-42.75,145.5
-19.25,146.5
-19.75,146.5
-20.25,146.5
-20.75,146.5
-21.25,146.5
-21.75,146.5
-22.25,146.5
-22.75,146.5
-23.25,146.5
-23.75,146.5
-24.25,146.5
-24.75,146.5
-25.25,146.5
-25.75,146.5
-26.25,146.5
-26.75,146.5
-27.25,146.5
-27.75,146.5
-28.25,146.5
-28.75,146.5
-29.25,146.5
-29.75,146.5
-30.25,146.5
-30.75,146.5
-31.25,146.5
-31.75,146.5
-32.25,146.5
-32.75,146.5
-33.25,146.5
-33.75,146.5
-34.25,146.5
-34.75,146.5
-35.25,146.5
-35.75,146.5
-36.25,146.5
-36.75,146.5
-37.25,146.5
-37.75,146.5
-38.25,146.5
-38.75,146.5
-41.25,146.5
-41.75,146.5
-42.25,146.5
-42.75,146.5
-43.25,146.5
-19.75,147.5
-20.25,147.5
-20.75,147.5
-21.25,147.5
-21.75,147.5
-22.25,147.5
-22.75,147.5
-23.25,147.5
-23.75,147.5
-24.25,147.5
-24.75,147.5
-25.25,147.5
-25.75,147.5
-26.25,147.5
-26.75,147.5
-27.25,147.5
-27.75,147.5
-28.25,147.5
-28.75,147.5
-29.25,147.5
-29.75,147.5
-30.25,147.5
-30.75,147.5
-31.25,147.5
-31.75,147.5
-32.25,147.5
-32.75,147.5
-33.25,147.5
-33.75,147.5
-34.25,147.5
-34.75,147.5
-35.25,147.5
-35.75,147.5
-36.25,147.5
-36.75,147.5
-37.25,147.5
-37.75,147.5
-41.25,147.5
-41.75,147.5
-42.25,147.5
-42.75,147.5
-20.25,148.5
-20.75,148.5
-21.25,148.5
-21.75,148.5
-22.25,148.5
-22.75,148.5
-23.25,148.5
-23.75,148.5
-24.25,148.5
-24.75,148.5
-25.25,148.5
-25.75,148.5
-26.25,148.5
-26.75,148.5
-27.25,148.5
-27.75,148.5
-28.25,148.5
-28.75,148.5
-29.25,148.5
-29.75,148.5
-30.25,148.5
-30.75,148.5
-31.25,148.5
-31.75,148.5
-32.25,148.5
-32.75,148.5
-33.25,148.5
-33.75,148.5
-34.25,148.5
-34.75,148.5
-35.25,148.5
-35.75,148.5
-36.25,148.5
-36.75,148.5
-37.25,148.5
-37.75,148.5
-22.25,149.5
-22.75,149.5
-23.25,149.5
-23.75,149.5
-24.25,149.5
-24.75,149.5
-25.25,149.5
-25.75,149.5
-26.25,149.5
-26.75,149.5
-27.25,149.5
-27.75,149.5
-28.25,149.5
-28.75,149.5
-29.25,149.5
-29.75,149.5
-30.25,149.5
-30.75,149.5
-31.25,149.5
-31.75,149.5
-32.25,149.5
-32.75,149.5
-33.25,149.5
-33.75,149.5
-34.25,149.5
-34.75,149.5
-35.25,149.5
-35.75,149.5
-36.25,149.5
-36.75,149.5
-37.25,149.5
-37.75,149.5
-22.25,150.5
-22.75,150.5
-23.25,150.5
-23.75,150.5
-24.25,150.5
-24.75,150.5
-25.25,150.5
-25.75,150.5
-26.25,150.5
-26.75,150.5
-27.25,150.5
-27.75,150.5
-28.25,150.5
-28.75,150.5
-29.25,150.5
-29.75,150.5
-30.25,150.5
-30.75,150.5
-31.25,150.5
-31.75,150.5
-32.25,150.5
-32.75,150.5
-33.25,150.5
-33.75,150.5
-34.25,150.5
-34.75,150.5
-35.25,150.5
-24.25,151.5
-24.75,151.5
-25.25,151.5
-25.75,151.5
-26.25,151.5
-26.75,151.5
-27.25,151.5
-27.75,151.5
-28.25,151.5
-28.75,151.5
-29.25,151.5
-29.75,151.5
-30.25,151.5
-30.75,151.5
-31.25,151.5
-31.75,151.5
-32.25,151.5
-32.75,151.5
-33.25,151.5
-25.25,152.5
-25.75,152.5
-26.25,152.5
-26.75,152.5
-27.25,152.5
-27.75,152.5
-28.25,152.5
-28.75,152.5
-29.25,152.5
-29.75,152.5
-30.25,152.5
-30.75,152.5
-31.25,152.5
-31.75,152.5
-32.25,152.5
-28.25,153.5
-28.75,153.5
